0.00930995 0.0127968
0.0115265 0.0118298
0.023382 0.0149851
0.0352104 0.0308885
0.0167157 0.0169131
0.0134156 0.0150384
0.0182185 0.0168503
0.0168759 0.0141758
0.0401481 0.0350573
0.0134291 0.0188944
0.187147 0.181366
0.358009 0.358324
0.0555556 0.0583848
0.0905512 0.0885827
0.0103609 0.0115074
0.029833 0.030163
0.0486365 0.0427974
0.0507993 0.0440326
0.0571195 0.0397797
0.0718353 0.0501533
0.0633918 0.0437427
0.0698587 0.0483292
0.0611638 0.0436075
0.0691098 0.0630857
0.00347563 0.00536456
0.00584681 0.00455188
0.00761561 0.00439664
-0.00487455 0.00401434
0.00244169 0.00437318
0.00398529 0.00478853
0.00130993 0.00518732
0.00642727 0.00605407
0.00040986 0.006265
0.00873186 0.0115075
0.0191121 0.0186836
0.0188774 0.0100949
0.0117346 0.0102495
0.015775 0.0120561
0.0191844 0.0100855
0.0187271 0.0133955
0.0187845 0.0154696
0.0286741 0.028075
0.0199402 0.0215603
0.0235459 0.0194977
0.0182155 0.0147642
0.0152933 0.0230405
0.0106826 0.0123474
0.018243 0.0124208
0.0159609 0.0120521
0.0133832 0.0132033
0.0118329 0.0121464
0.0136729 0.015429
0.019437 0.0157985
0.0281435 0.0209683
0.0188064 0.0164448
0.016272 0.0140816
0.0137855 0.0150262
0.0184491 0.0141972
0.0217362 0.0147495
0.0198173 0.0159864
0.0189676 0.0176128
0.0164394 0.0166829
0.016211 0.0156706
0.0123028 0.0149773
0.0217327 0.0144885
0.0232729 0.0140669
0.0242799 0.0162871
0.0246803 0.0321023
0.0128365 0.0112164
0.0197605 0.0141776
0.0188 0.0126053
0.0185865 0.0161004
0.0150042 0.0138039
0.0155517 0.0147473
0.0231244 0.0139787
0.0157586 0.0144196
0.0144919 0.0148468
0.0256179 0.0150252
0.0169686 0.0139741
0.0149644 0.01372
0.0192797 0.0164195
0.0185719 0.0135068
0.0103683 0.013028
0.010097 0.0129534
0.019976 0.0142496
0.014156 0.0130072
0.0219505 0.0159304
0.0208942 0.0178629
0.0170605 0.0145894
0.0254432 0.0206465
0.0311637 0.0260233
0.0217247 0.0252073
0.0938272 0.0924804
0.175084 0.173897
0.166113 0.167381
0.178875 0.180851
0.167955 0.168392
0.171451 0.171564
0.171059 0.170359
0.191503 0.190523
0.172966 0.171018
0.168491 0.171383
0.169749 0.169635
0.160302 0.161049
0.166625 0.163397
0.165639 0.167586
0.170678 0.169949
0.173698 0.173698
0.178772 0.177907
0.169978 0.169438
0.176921 0.17358
0.169489 0.167702
0.169247 0.169899
0.165221 0.16314
0.170289 0.168831
0.162771 0.1639
0.164306 0.164763
0.0854475 0.0829639
0.0967705 0.0928045
0.094418 0.088267
0.0863093 0.0868409
0.0528307 0.0510682
0.0412509 0.03172
0.0139989 0.00755204
0.00409734 0.00707723
0.0125617 0.00631717
0.0117369 0.00598661
0.00458679 0.00539149
0.0135722 0.00585601
0.0065735 0.00512422
0.00491184 0.00717884
0.00513028 0.00580532
0.00208247 0.00680272
0.012458 0.00635356
0.0393111 0.0406512
0.197325 0.194807
0.170886 0.171112
0.16673 0.166818
0.159571 0.160763
0.162581 0.15933
0.18395 0.183433
0.15329 0.153121
0.174345 0.174491
0.166849 0.165936
0.171302 0.168199
0.11279 0.113632
0.0899676 0.0928967
0.102904 0.0993188
0.0481604 0.0434233
0.0462783 0.045829
0.106885 0.111775
0.0786215 0.0695093
0.0199134 0.0193118
0.0177455 0.0193289
0.0211415 0.0184579
0.0224189 0.0208759
0.021912 0.0194983
0.0200771 0.0186648
0.0200727 0.0191641
0.0199485 0.0184939
0.0191736 0.0177649
0.0163922 0.0180471
0.020202 0.0194805
0.022466 0.0186082
0.0186687 0.0198275
0.0206588 0.017625
0.0176385 0.0171815
0.0185553 0.0165397
0.0196816 0.0184747
0.0209213 0.0205621
0.0215501 0.0189564
0.0161672 0.0171136
0.0183196 0.018156
0.0176836 0.0206533
0.0233054 0.0229058
0.015907 0.0173821
0.0182014 0.0161698
0.0177717 0.0165911
0.0185641 0.0183182
0.0180745 0.0166904
0.0181318 0.0181505
0.0172394 0.0205723
0.0187844 0.0170312
0.0222616 0.0193681
0.0224614 0.0201217
0.021697 0.0190195
0.0172026 0.0190352
0.0179225 0.0167543
0.0191427 0.0192245
0.0203159 0.0192673
0.0209784 0.0183991
0.0191139 0.017363
0.0211967 0.0197134
0.0178596 0.0182766
0.021409 0.0188278
0.0174212 0.0206002
0.0183193 0.0182012
0.0151559 0.0170323
0.023205 0.0209291
0.0193848 0.0209319
0.0209903 0.0191066
0.0312894 0.0297115
0.0223288 0.0204556
0.0211737 0.0180369
0.0204197 0.0198911
0.0187578 0.0190695
0.016801 0.0197941
0.0209669 0.0180153
0.0180761 0.0188516
0.0216504 0.0183302
0.0238721 0.020263
0.0257122 0.0227904
0.0210597 0.0192096
0.0174772 0.0189767
0.0160243 0.0172811
0.0386971 0.0388363
0.0742118 0.0737299
0.0954658 0.0869833
0.246636 0.238671
0.262481 0.256958
0.0552592 0.052592
0.018999 0.0220633
0.0109511 0.0107011
0.0072064 0.0052922
0.0202842 0.014325
0.0645711 0.0566181
0.00829587 0.00551274
0.00370975 0.00509399
0.0584834 0.059518
0.201552 0.201224
0.221139 0.218379
0.141683 0.141528
0.147644 0.145727
0.210037 0.211506
0.247092 0.247536
0.0943276 0.0953474
0.0234592 0.0303903
0.0102335 0.00458373
0.0107789 0.00447427
-0.00216631 0.00499917
0.00079816 0.00413165
0.0112752 0.00378264
0.00843373 0.00447504
0.0137589 0.00464912
0.129053 0.124374
0.192066 0.189733
0.199448 0.19955
0.172859 0.170527
0.214331 0.214141
0.169939 0.169035
0.168186 0.167967
0.160498 0.162401
0.163387 0.160315
0.178408 0.178566
0.182174 0.182827
0.180076 0.178782
0.174053 0.173046
0.135788 0.135626
0.164359 0.16422
0.204164 0.200714
0.168945 0.168266
0.173373 0.171148
0.165914 0.164956
0.17677 0.176406
0.129141 0.124888
0.0291991 0.022679
0.0246361 0.0245494
0.0122884 0.0107321
0.0222137 0.0215754
0.0178206 0.0116897
0.0228909 0.0176249
0.135327 0.135784
0.233251 0.233722
0.226941 0.22598
0.228832 0.227811
0.221925 0.221969
0.231362 0.230609
0.16912 0.16912
0.0181347 0.0249241
0.00603928 0.00624934
0.0015493 0.00521127
0.0105739 0.0103014
-0.0035461 0.00478723
0.00465707 0.00433954
0.00586673 0.00520257
-0.00100043 0.00343004
0.00953307 0.00350195
0.00590924 0.00334485
0.0525173 0.0494077
0.038176 0.0288971
0.162076 0.160396
0.241451 0.238422
0.242461 0.246964
0.243465 0.243205
0.247427 0.248488
0.238823 0.237021
0.236981 0.235902
0.232802 0.229943
0.223797 0.224379
0.23525 0.231816
0.225752 0.226458
0.217519 0.217519
0.23245 0.229895
0.222933 0.225361
0.212574 0.207525
0.225429 0.227209
0.219608 0.216246
0.082523 0.0763101
0.025832 0.0183849
0.00348168 0.0142295
0.0117963 0.00862349
0.021975 0.0208808
0.0661124 0.0636873
0.056391 0.0516063
0.0653216 0.0549341
0.0373401 0.0288118
0.0407182 0.0302559
0.021129 0.0185484
0.0306346 0.030975
0.03062 0.0289819
0.0212918 0.0220075
0.0310828 0.0299624
0.0327957 0.0267473
0.152847 0.148411
0.175779 0.173283
0.113316 0.112418
0.0982549 0.0933421
0.13251 0.141957
0.142303 0.141768
0.131516 0.132714
0.145101 0.144192
0.14532 0.146038
0.159929 0.154631
0.169677 0.172948
0.172628 0.176205
0.141294 0.131323
0.107959 0.10825
0.128312 0.120918
0.138145 0.13825
0.141411 0.139947
0.139757 0.139615
0.144011 0.142689
0.155556 0.146444
0.154588 0.154405
0.170205 0.168019
0.166228 0.165929
0.146622 0.145509
0.123243 0.116113
0.115029 0.109351
0.0637634 0.0626696
0.0938491 0.0849715
0.0826004 0.0784903
0.0487989 0.0493334
0.0689415 0.0547354
0.0489415 0.0379685
0.0264596 0.0240629
0.0217243 0.0196831
0.233987 0.235448
0.234861 0.235415
0.226055 0.226055
0.228736 0.227858
0.0286959 0.0250311
0.0702955 0.0649575
0.136484 0.122433
0.105591 0.0741599
0.151289 0.138023
0.0937676 0.0843857
0.0382881 0.0324896
0.0227236 0.019043
0.00682176 0.00839601
0.0284555 0.0259474
0.0942539 0.0945785
0.0128535 0.0218509
0.0455837 0.0293715
0.0136753 0.0165606
0.0184078 0.0167311
0.0422093 0.0282892
0.0245026 0.0190576
0.0302106 0.0296563
0.0330152 0.0277276
0.0364335 0.025841
0.0479479 0.0441404
0.0505007 0.0465896
0.0946905 0.0883288
0.352183 0.350325
0.0504636 0.0516371
0.0700201 0.0693116
0.0142386 0.0127089
0.0234998 0.0216814
0.0503786 0.0449212
0.064021 0.0471733
0.0597701 0.0401415
0.0626287 0.041608
0.0649737 0.0451843
0.0642296 0.0445849
0.061705 0.0459465
0.0451969 0.050406
0.00321429 0.0075
0.00360625 0.00707894
0.00469461 0.00572155
0.00603606 0.00469471
0.00411952 0.00615028
0.00499394 0.00571438
0.00283874 0.0106999
0.0198458 0.0187293
0.0202676 0.0131838
0.0130275 0.0104665
0.01981 0.0110357
0.0213696 0.0105141
0.0212525 0.0131717
0.0220358 0.0173659
0.0228826 0.0218033
0.0186593 0.0156181
0.0411538 0.0320513
0.0189512 0.0177479
0.0340374 0.0317145
0.0320189 0.0303443
0.0427195 0.0296884
0.0431429 0.0308571
0.0424919 0.0292402
0.0423137 0.0288043
0.041826 0.0283775
0.0344214 0.0330366
0.0300441 0.0288184
0.0425373 0.0291241
0.0428312 0.0283588
0.0444544 0.0299341
0.045828 0.0319641
0.0411641 0.0305192
0.0442334 0.0296307
0.0481698 0.029936
0.0408676 0.0257054
0.0470636 0.0302262
0.0296657 0.0267313
0.0430802 0.0271944
0.042724 0.027689
0.0475221 0.030644
0.0576874 0.0376112
0.0518316 0.0380476
0.047806 0.0306273
0.0312978 0.0290042
0.0290368 0.0280673
0.0317548 0.0289455
0.0480326 0.0296092
0.0491404 0.0297665
0.0292767 0.0271855
0.0489765 0.0306505
0.0334669 0.0256146
0.0303067 0.0290338
0.0467959 0.0286281
0.0466706 0.0292524
0.0469898 0.0279131
0.0437797 0.0274454
0.0284664 0.0273252
0.0369527 0.0294055
0.0288687 0.0270944
0.0459741 0.0272249
0.0472982 0.0274805
0.0308063 0.0273068
0.029904 0.0274549
0.0320408 0.0238324
0.0262381 0.0214292
0.0648192 0.0699859
0.167181 0.169211
0.17478 0.173635
0.169644 0.171256
0.171865 0.172032
0.193309 0.192167
0.174032 0.168743
0.169472 0.168301
0.172684 0.171332
0.164702 0.165031
0.184317 0.183224
0.150898 0.153042
0.163224 0.162665
0.167572 0.165901
0.175232 0.171347
0.180204 0.179804
0.16754 0.167103
0.169117 0.167975
0.17095 0.170274
0.176091 0.172532
0.163793 0.165318
0.173749 0.171098
0.162651 0.159332
0.176227 0.172836
0.107661 0.103884
0.0889275 0.0885966
0.0885588 0.088503
0.0896171 0.089852
0.0915202 0.0898396
0.094968 0.0929319
0.0649864 0.0629309
0.0500496 0.0386521
0.00929184 0.00549813
0.00996648 0.00616109
0.0214188 0.00653198
0.0148219 0.0065189
0.00690625 0.00639468
0.00397463 0.00513891
0.0259859 0.00642006
0.010893 0.00647694
0.00609203 0.00648088
0.00590035 0.00568182
0.0120852 0.00844044
0.0630795 0.0598369
0.166041 0.168119
0.183452 0.180677
0.171508 0.171415
0.169607 0.17044
0.170603 0.167545
0.173516 0.171434
0.168915 0.168292
0.141232 0.142449
0.162302 0.158777
0.133838 0.13226
0.0888143 0.0881631
0.0993952 0.0980336
0.0955457 0.0959991
0.0998666 0.100505
0.0660162 0.0690049
0.026038 0.0259801
0.0595758 0.053424
0.0721668 0.0667745
0.0811357 0.0817676
0.0200085 0.0200085
0.0180828 0.0185464
0.0189759 0.0198461
0.0205298 0.0181263
0.0189053 0.020269
0.0214482 0.0176112
0.0187961 0.0200246
0.0216007 0.0200083
0.0248746 0.0216695
0.0256362 0.0232036
0.0207543 0.0186838
0.0233236 0.0215959
0.0228587 0.0197833
0.0197781 0.0211727
0.0257199 0.0239069
0.0222631 0.0205771
0.0218466 0.0215865
0.0202747 0.0201929
0.0230538 0.0211237
0.017327 0.0166456
0.0137912 0.0184802
0.0194004 0.0171429
0.0126689 0.0159266
0.0207805 0.018781
0.0123766 0.0203666
0.0202448 0.0171061
0.0161176 0.0167239
0.0227826 0.0201318
0.0204671 0.0182215
0.0168241 0.0209563
0.0215434 0.0184887
0.0159938 0.0173244
0.0206546 0.0183064
0.0165179 0.0170201
0.0190774 0.0177679
0.0201089 0.0168421
0.0172461 0.0170622
0.0162623 0.0202613
0.013683 0.0159635
0.0238918 0.0202896
0.0218347 0.0196728
0.0244346 0.0198352
0.0198793 0.0209201
0.0238095 0.0205867
0.0166425 0.0179828
0.0231358 0.0208413
0.0194598 0.0210045
0.0238963 0.0235925
0.0193752 0.0180499
0.022319 0.0193847
0.0221018 0.0208507
0.0186075 0.0202652
0.0226737 0.0202186
0.0235044 0.0205595
0.0213021 0.0214855
0.0206071 0.0208855
0.0220236 0.0185937
0.0179133 0.018597
0.0231251 0.0189792
0.0252094 0.0198719
0.0324072 0.0316447
0.0743699 0.0723183
0.0701881 0.0668596
0.210285 0.195614
0.106275 0.103104
0.0411674 0.0362519
0.00351715 0.00519506
0.0119312 0.0108401
0.0500147 0.0445031
-0.00193573 0.00503291
0.000507421 0.00507421
0.0239884 0.0304432
0.0937249 0.0890907
0.205981 0.20548
0.1831 0.183044
0.192833 0.191226
0.0457893 0.0446227
0.00885203 0.00765992
0.00428402 0.00417346
0.00637138 0.00379832
0.00335293 0.00426736
0.0112746 0.00399808
0.00914136 0.00514202
0.00459799 0.00534361
0.0458428 0.0381733
0.178873 0.178566
0.146985 0.146985
0.170215 0.168121
0.171239 0.170376
0.170977 0.169748
0.152951 0.153072
0.158048 0.156691
0.168685 0.166503
0.166043 0.164562
0.168793 0.167363
0.170743 0.173053
0.175802 0.173786
0.174472 0.174405
0.171851 0.169497
0.194289 0.192452
0.141583 0.138141
0.18629 0.182691
0.175897 0.171901
0.169029 0.16582
0.111626 0.11238
0.01702 0.0179483
0.0402049 0.032909
0.0211307 0.0145536
0.0242856 0.0206336
0.0116522 0.0135482
0.0118355 0.0112962
0.194067 0.194697
0.225737 0.22726
0.223703 0.223352
0.219967 0.220411
0.209331 0.209401
0.227929 0.226059
0.0348455 0.0249836
0.00894622 0.0102986
0.00341741 0.00602116
0 0.00543045
0.00510176 0.00367546
0.00347716 0.00521574
0.000734214 0.00325808
0.00245154 0.00263483
0.0047456 0.00293035
0.00765585 0.00437477
0.0280855 0.028515
0.0964388 0.0931895
0.229199 0.229028
0.240236 0.2379
0.241165 0.238665
0.246101 0.248007
0.227032 0.228742
0.232879 0.230712
0.230939 0.231286
0.224823 0.22565
0.239096 0.235155
0.206999 0.210633
0.221511 0.218823
0.231491 0.229029
0.22252 0.220997
0.211234 0.206776
0.231852 0.231477
0.222451 0.22132
0.155163 0.148583
0.0195502 0.0221126
0.0111507 0.0136622
0.0165907 0.0116682
0.012378 0.00746507
0.0638695 0.0490912
0.058397 0.0487741
0.0450993 0.0465304
0.0529795 0.0452068
0.039467 0.0290609
0.0282218 0.032967
0.025399 0.0283137
0.0251595 0.0290748
0.0458453 0.0297553
0.0273786 0.0299501
0.0277732 0.0300876
0.0236751 0.0256784
0.16694 0.166166
0.180157 0.173938
0.148936 0.138298
0.0804815 0.0753224
0.144488 0.144228
0.137891 0.133517
0.137913 0.141659
0.152816 0.147184
0.14485 0.142407
0.13405 0.132991
0.167307 0.159431
0.150878 0.151664
0.159137 0.160239
0.147231 0.147569
0.145594 0.144226
0.0867751 0.0857322
0.126083 0.132705
0.141754 0.139858
0.139492 0.137795
0.134357 0.137289
0.142665 0.138627
0.136397 0.133324
0.148735 0.15204
0.154124 0.153699
0.173099 0.165748
0.140496 0.144703
0.129421 0.123323
0.132906 0.130412
0.123969 0.10839
0.0817588 0.0818166
0.0839044 0.0743109
0.0679796 0.0598011
0.055792 0.0451537
0.0542221 0.0430295
0.0403055 0.0355924
0.0182716 0.0161317
0.186515 0.18735
0.240216 0.239562
0.245274 0.244759
0.235486 0.234792
0.0879953 0.0831668
0.109223 0.0965096
0.140571 0.128028
0.119901 0.0950092
0.149771 0.133184
0.120391 0.107184
0.0125194 0.0139969
0.0335872 0.0296817
0.014291 0.0072687
0.0191972 0.00794066
0.0351194 0.0275055
0.0972721 0.0921275
0.0158912 0.0150013
