0.0132278 0.0131883
0.0153955 0.0153788
0.0139571 0.0139852
0.0253981 0.0250704
0.0135607 0.0130551
0.0154671 0.0147865
0.0134117 0.0134223
0.0124365 0.0124539
0.0258692 0.0265742
0.0244508 0.0247361
0.115862 0.115565
0.340024 0.339392
0.0618505 0.0609212
0.0909654 0.0905854
0.0136719 0.0129042
0.0276314 0.0260192
0.0466041 0.0421596
0.0464906 0.0425456
0.0461382 0.0412124
0.0525859 0.0464386
0.0498145 0.044013
0.0469993 0.0434134
0.0444975 0.0402805
0.059152 0.0552823
0.00425785 0.00450508
0.00362683 0.00402478
0.00470162 0.0048753
0.00412356 0.00458857
0.00406061 0.00459844
0.00459561 0.00505627
0.00453021 0.00443869
0.00493349 0.00474227
0.00477725 0.00533555
0.0108544 0.0104319
0.0172531 0.0162829
0.0115249 0.00960134
0.00971761 0.0093283
0.0117595 0.0103455
0.0111517 0.0104509
0.0130005 0.0124821
0.017977 0.0157083
0.0264457 0.0259364
0.0200252 0.0200252
0.0266268 0.0272637
0.0160074 0.0155706
0.017475 0.0160609
0.0114801 0.0106218
0.012865 0.0113239
0.012627 0.0115851
0.0136142 0.012463
0.0139054 0.0125176
0.0142816 0.0133722
0.0166509 0.0148917
0.0211489 0.0195652
0.0181909 0.0163444
0.0163769 0.0144069
0.0188334 0.0169697
0.0165674 0.0156485
0.016617 0.0154765
0.0156388 0.0139272
0.0159969 0.0141963
0.0187712 0.0168501
0.0165378 0.0144682
0.0147108 0.0137654
0.0136446 0.0123517
0.0168108 0.0154687
0.0167641 0.0151823
0.0234709 0.0224434
0.0121997 0.0106468
0.0150337 0.0135668
0.011783 0.0110545
0.0151997 0.0138939
0.0140943 0.0125345
0.0151009 0.0130847
0.0152239 0.0137995
0.0148363 0.0139389
0.0169252 0.0156734
0.0161132 0.0152626
0.0143726 0.0137826
0.0144207 0.0138714
0.0155336 0.0147445
0.0152241 0.0145873
0.0136985 0.0125806
0.0147193 0.0132734
0.0140938 0.0135047
0.0141211 0.0128874
0.0150365 0.0138821
0.0166759 0.0146492
0.0167496 0.0154929
0.0250135 0.0235938
0.0232358 0.0230381
0.0281104 0.0288561
0.0974394 0.0979281
0.164837 0.164624
0.168958 0.169042
0.171135 0.171266
0.170864 0.170617
0.182929 0.182929
0.159066 0.158871
0.167535 0.167482
0.17105 0.171071
0.169655 0.169399
0.175566 0.175315
0.160676 0.160031
0.165667 0.16518
0.159353 0.160182
0.166218 0.166042
0.172315 0.172042
0.168048 0.168048
0.173536 0.172844
0.170929 0.170993
0.175371 0.175462
0.179307 0.179209
0.163353 0.162922
0.156269 0.156082
0.156925 0.157842
0.162587 0.162143
0.0891045 0.0881834
0.085139 0.0849982
0.0850409 0.0852029
0.0846132 0.0840274
0.0538533 0.0534555
0.0367157 0.036847
0.00612946 0.00595885
0.00602857 0.00539757
0.00499843 0.00551788
0.00539391 0.0050533
0.00548638 0.00500576
0.00553587 0.00537477
0.00503246 0.00482229
0.0062139 0.00512865
0.00528512 0.0051279
0.00500081 0.00508855
0.00589615 0.00533357
0.0444367 0.0452005
0.157635 0.157281
0.168672 0.16879
0.167152 0.167164
0.170825 0.170796
0.16889 0.168948
0.156877 0.157027
0.153899 0.153462
0.174381 0.173881
0.171193 0.171089
0.152008 0.151796
0.110695 0.110374
0.100343 0.0992863
0.106774 0.105291
0.0456964 0.0457626
0.0459086 0.0443808
0.0345782 0.0348307
0.0927221 0.092388
0.0194812 0.0197685
0.0182387 0.0187135
0.018693 0.0178292
0.0197364 0.0193412
0.0199204 0.0198174
0.0189765 0.0188593
0.020398 0.0200137
0.0191036 0.0192027
0.0200947 0.0194602
0.0170011 0.016449
0.0184002 0.0189265
0.018757 0.0177653
0.0172158 0.0168531
0.0166008 0.01669
0.0186367 0.0183244
0.0173289 0.0168975
0.0187436 0.0184084
0.0202355 0.0196892
0.0156945 0.0159113
0.0163635 0.0164632
0.0186141 0.0183383
0.0193406 0.0185584
0.0181565 0.0181233
0.0170242 0.0169396
0.0171029 0.0169
0.0169859 0.0170167
0.0179235 0.0175575
0.0179209 0.0174449
0.0174618 0.016971
0.0161935 0.0166075
0.0189656 0.0179663
0.0186132 0.0179782
0.018636 0.0185814
0.0176785 0.0173604
0.0188435 0.0181975
0.0179877 0.0178981
0.0167255 0.0166997
0.0176449 0.017474
0.0179771 0.017797
0.016778 0.0165895
0.0195822 0.0188577
0.0188188 0.018584
0.0189953 0.0187834
0.0176373 0.0174244
0.0178845 0.0174012
0.0180542 0.0174524
0.0179187 0.0177426
0.0208771 0.0204814
0.0211737 0.0207595
0.0245718 0.0233841
0.0223572 0.0218221
0.0195668 0.0191461
0.0202821 0.0200513
0.0194367 0.0197168
0.0196595 0.0201306
0.0193 0.019633
0.0195913 0.0195368
0.020472 0.0202141
0.0187938 0.0193686
0.0192091 0.0194609
0.0197832 0.0194071
0.0200244 0.0196308
0.0190662 0.0187155
0.0303163 0.0303668
0.0737767 0.073765
0.108439 0.102965
0.23237 0.231539
0.169621 0.169487
0.0409639 0.0415864
0.0213187 0.0215093
0.0101425 0.0103538
0.00391649 0.00465213
0.0148412 0.0144008
0.0600387 0.0599062
0.00507916 0.0053694
0.00344573 0.00466422
0.0638232 0.0645963
0.221102 0.220611
0.231807 0.231142
0.141193 0.140971
0.0938287 0.0944256
0.217787 0.217148
0.150482 0.150021
0.0889428 0.0884166
0.0132009 0.0134448
0.00395585 0.00441702
0.00255523 0.00354435
0.00357787 0.0035497
0.00368295 0.00345756
0.00308299 0.00366782
0.00325631 0.0036086
0.00414573 0.00404819
0.106337 0.106825
0.172672 0.172026
0.171468 0.171071
0.173961 0.173801
0.166886 0.167111
0.18185 0.181584
0.159987 0.159897
0.175213 0.174715
0.168124 0.167624
0.173238 0.173441
0.164825 0.164714
0.149065 0.148879
0.176249 0.176424
0.171505 0.171566
0.170989 0.17035
0.170741 0.170194
0.178025 0.17811
0.156087 0.156
0.169555 0.169485
0.174083 0.174005
0.120467 0.120519
0.024299 0.0242852
0.0360852 0.0346574
0.0118418 0.0114797
0.0152859 0.0155481
0.0122079 0.0122923
0.0138977 0.0137494
0.105079 0.105164
0.18864 0.188611
0.236036 0.235692
0.222675 0.222502
0.218225 0.218097
0.233795 0.233867
0.105703 0.104821
0.0195762 0.0190803
0.0064316 0.00671892
0.00323482 0.00384612
0.00423898 0.0058318
0.00231301 0.00354116
0.00180973 0.00262976
0.00226035 0.00320358
0.00231548 0.00279697
0.00152975 0.00279063
0.00230963 0.00261228
0.0146964 0.0153665
0.0327987 0.0316623
0.162264 0.161639
0.230732 0.230258
0.240026 0.239681
0.230428 0.229841
0.242003 0.2419
0.237788 0.237231
0.233623 0.2336
0.230516 0.230319
0.22977 0.229337
0.23239 0.231531
0.216921 0.216434
0.219019 0.218716
0.230784 0.23065
0.230278 0.229474
0.21363 0.212896
0.233793 0.233771
0.225675 0.224762
0.0704314 0.0704605
0.0155752 0.0140929
0.00775082 0.00819154
0.00792171 0.00908667
0.0375786 0.0396692
0.0390117 0.0395411
0.0850117 0.082674
0.0579564 0.0573894
0.0307964 0.0289405
0.0312908 0.0288568
0.0197468 0.0192507
0.0316019 0.0290806
0.0291431 0.0271852
0.0223297 0.0225055
0.0319067 0.0296082
0.0297996 0.0280664
0.160968 0.160583
0.172299 0.171407
0.122383 0.122905
0.0961492 0.0948318
0.137652 0.137477
0.131971 0.132398
0.133207 0.133186
0.140524 0.140914
0.158524 0.159367
0.157 0.155932
0.170991 0.171214
0.156407 0.155228
0.151518 0.152753
0.147498 0.148557
0.117896 0.114735
0.142609 0.142454
0.138025 0.138935
0.139572 0.139385
0.139591 0.140798
0.159325 0.160924
0.150071 0.149426
0.164988 0.165289
0.162052 0.163158
0.142545 0.141971
0.075423 0.0750435
0.0883527 0.0834627
0.106006 0.105372
0.0778894 0.07727
0.0739261 0.0728396
0.0529555 0.0512027
0.0496579 0.0491713
0.0400757 0.0397316
0.0267778 0.0269357
0.0130209 0.0134106
0.233437 0.233168
0.245387 0.245503
0.240607 0.24067
0.227783 0.227381
0.0203137 0.0199018
0.0819549 0.0743352
0.138278 0.124624
0.0841231 0.0759523
0.15197 0.137283
0.0725833 0.0672359
0.0315049 0.0315964
0.0147174 0.0149933
0.00712308 0.00711159
0.0232567 0.0223977
0.0484926 0.0490912
0.0133826 0.0137404
0.022566 0.0222191
0.011922 0.0113919
0.0267686 0.0249296
0.0241558 0.0233474
0.0319496 0.0325296
0.031406 0.0306782
0.0234089 0.0231771
0.0272544 0.0263172
0.0296032 0.0290883
0.0300084 0.0290821
0.115331 0.114281
0.338972 0.338179
0.0413961 0.0411919
0.0797271 0.0795345
0.0137083 0.0131504
0.0235022 0.0232107
0.047456 0.0428078
0.0488141 0.0434255
0.0471992 0.0428615
0.0497136 0.0438896
0.0468918 0.0423964
0.0513222 0.0452778
0.0512054 0.0466662
0.0686726 0.0678596
0.00487504 0.00518018
0.0050913 0.00557585
0.00467584 0.00557083
0.00505508 0.00502675
0.00513258 0.00532025
0.00623397 0.00654962
0.00769594 0.00776484
0.0202095 0.0193046
0.0126582 0.0115403
0.0105589 0.0100843
0.0137718 0.0122439
0.0105821 0.00970899
0.0129429 0.011908
0.018471 0.0175534
0.029411 0.0293695
0.017067 0.0167903
0.038759 0.0385728
0.0145471 0.0149974
0.0227408 0.0215492
0.0291494 0.0261153
0.0274732 0.0251085
0.0298278 0.0270365
0.0290979 0.0270994
0.0285512 0.0259032
0.0287742 0.0260083
0.030078 0.0273986
0.0282675 0.0257455
0.0276345 0.0252119
0.0269356 0.0244821
0.026723 0.0244694
0.0269351 0.0241608
0.02884 0.0258197
0.0290466 0.026346
0.0267411 0.0244526
0.0278663 0.0246356
0.0277007 0.0251704
0.0255877 0.0235781
0.02605 0.0237039
0.0276012 0.0248708
0.0283098 0.0253071
0.0302528 0.0281614
0.0373478 0.036329
0.0271782 0.0247813
0.0280258 0.0253223
0.0288561 0.0258685
0.0280596 0.0255328
0.0264135 0.0239368
0.0267009 0.0238068
0.0279642 0.0243493
0.0271561 0.0248572
0.024056 0.0220907
0.0270288 0.0241575
0.0264145 0.0234423
0.0269208 0.0243845
0.027028 0.024096
0.0253372 0.0232855
0.0234667 0.0220698
0.0321542 0.0291909
0.026994 0.0246919
0.0259839 0.0238668
0.0258231 0.0233956
0.0240019 0.0220465
0.0239143 0.0217102
0.0280296 0.0265534
0.0274614 0.0275192
0.0550407 0.0542909
0.165819 0.165325
0.159932 0.160033
0.174294 0.174002
0.172053 0.172022
0.169659 0.16967
0.174159 0.173632
0.167345 0.166877
0.170764 0.17054
0.170988 0.17094
0.167537 0.166889
0.153031 0.153732
0.152836 0.152028
0.170467 0.169808
0.167824 0.167427
0.0684458 0.0683308
0.173079 0.172361
0.141791 0.141525
0.162509 0.162004
0.168677 0.168056
0.168636 0.168606
0.166297 0.166193
0.164769 0.163855
0.165355 0.164417
0.106688 0.105898
0.0882066 0.0882066
0.0890389 0.0885849
0.0843544 0.0836467
0.0832376 0.0830426
0.0845567 0.0835241
0.0486672 0.047924
0.0344485 0.0341581
0.00539981 0.00543024
0.00533128 0.00542373
0.00609103 0.00549621
0.00601321 0.00518286
0.00578659 0.00529165
0.00537538 0.00511065
0.00631706 0.00589313
0.00525832 0.00579093
0.00520078 0.00554904
0.00557822 0.00555723
0.00944727 0.00869445
0.0457963 0.0451463
0.165304 0.165767
0.168255 0.168272
0.159856 0.15993
0.177172 0.177209
0.180027 0.179672
0.169609 0.169399
0.159024 0.158995
0.169186 0.168665
0.166098 0.164943
0.139973 0.140688
0.094909 0.094681
0.0945582 0.093766
0.0991176 0.0990402
0.0952554 0.0945039
0.0662588 0.066403
0.0226238 0.0221594
0.0496872 0.049404
0.0449274 0.0460871
0.077664 0.0775575
0.0190676 0.0193264
0.0200296 0.0206765
0.0189373 0.0188548
0.0201201 0.0196071
0.0199395 0.0202926
0.020099 0.0195943
0.0198008 0.0196324
0.0206547 0.0200614
0.0203776 0.0197056
0.0197036 0.0187811
0.0193878 0.0195105
0.0197477 0.0196885
0.0196697 0.0198556
0.0206315 0.0199446
0.0204659 0.0199523
0.0198748 0.0198803
0.0187371 0.0191891
0.0186005 0.0185763
0.0193241 0.019243
0.0177261 0.0176407
0.017601 0.0170885
0.0178726 0.0180638
0.0176109 0.0171918
0.0181253 0.0182526
0.0167553 0.016146
0.0154345 0.0156075
0.0171799 0.016886
0.0237148 0.023758
0.0178682 0.0175589
0.0167451 0.0164564
0.0185502 0.0187766
0.0172308 0.0165709
0.0173674 0.0176804
0.0191221 0.0188303
0.0166636 0.0170241
0.0185337 0.0176075
0.0167124 0.0169651
0.0180076 0.0175191
0.0179865 0.0175069
0.0167002 0.0171733
0.0200067 0.019315
0.019907 0.019739
0.0203841 0.0204136
0.0205792 0.0200356
0.0181491 0.0184288
0.0180274 0.0173832
0.0217375 0.0208318
0.0286368 0.0284258
0.0173667 0.0175052
0.0192624 0.0195952
0.0202192 0.0196117
0.0200427 0.0202444
0.0188506 0.0194745
0.0198704 0.0193616
0.0192011 0.0190969
0.0213225 0.0207708
0.019883 0.0193846
0.0198011 0.019321
0.0201053 0.0199268
0.0206185 0.0198124
0.0260137 0.0261623
0.0744341 0.0744015
0.0674279 0.0660239
0.112241 0.104385
0.102031 0.102048
0.0233238 0.0233105
0.00423921 0.0047085
0.00736758 0.00730619
0.0533705 0.052815
0.00506788 0.00462533
0.00522029 0.00488989
0.0365069 0.0379267
0.131283 0.130436
0.142718 0.142879
0.105453 0.104948
0.217231 0.216831
0.0639949 0.0634498
0.0155812 0.0149024
0.00403282 0.00390308
0.00368259 0.0041229
0.00345331 0.00384959
0.00315427 0.00339659
0.00306746 0.00382267
0.0041711 0.00400314
0.0232792 0.0224898
0.175793 0.175716
0.169249 0.168897
0.164976 0.164718
0.177742 0.177186
0.172724 0.172875
0.17737 0.17743
0.153148 0.152761
0.163864 0.163723
0.143621 0.143225
0.167794 0.167506
0.132026 0.131694
0.112884 0.113209
0.155484 0.15534
0.16597 0.165503
0.165364 0.165169
0.176417 0.17636
0.157586 0.157431
0.16467 0.164256
0.16442 0.163764
0.118954 0.119506
0.0169032 0.0172821
0.0472087 0.0467224
0.0101644 0.0104363
0.0130495 0.0129842
0.0121149 0.0122691
0.011985 0.0110039
0.174879 0.174879
0.229258 0.228974
0.219338 0.218836
0.212037 0.211706
0.242553 0.242274
0.214037 0.213923
0.0199767 0.0201972
0.00705124 0.00711646
0.00276375 0.00349893
0.00468609 0.00491684
0.00192962 0.00357637
0.00356537 0.00351283
0.00258617 0.00323506
0.0027964 0.00287365
0.00126053 0.00250039
0.0019636 0.00249287
0.0287816 0.0294267
0.103915 0.103924
0.223982 0.223278
0.235039 0.234687
0.235296 0.234821
0.235322 0.234783
0.230598 0.230853
0.231862 0.231352
0.230478 0.230075
0.222602 0.223083
0.229522 0.229305
0.218099 0.217832
0.211824 0.211309
0.223241 0.222801
0.228957 0.228708
0.201967 0.200819
0.231005 0.231047
0.222097 0.221691
0.114984 0.113756
0.0255159 0.0260934
0.0112167 0.011592
0.011832 0.0124568
0.00568945 0.0071251
0.0529585 0.054096
0.0589576 0.0600732
0.0726694 0.0698128
0.0461371 0.044616
0.0327002 0.0300946
0.0285811 0.0275676
0.0257362 0.0246881
0.0314604 0.0292952
0.0271962 0.0261901
0.0243519 0.023936
0.0305771 0.0287835
0.0273378 0.0254774
0.132194 0.131234
0.171298 0.171477
0.132748 0.132221
0.0677872 0.0660306
0.137023 0.137078
0.140211 0.139783
0.134835 0.13524
0.137952 0.138946
0.144893 0.145393
0.133811 0.134107
0.139519 0.139984
0.1451 0.145971
0.147216 0.148269
0.153029 0.15273
0.147103 0.145845
0.0983662 0.0966613
0.128157 0.128023
0.12459 0.126249
0.144738 0.145085
0.139279 0.139916
0.141275 0.142357
0.151103 0.151654
0.176374 0.175798
0.146828 0.147759
0.15677 0.157424
0.134851 0.134198
0.16023 0.1613
0.14342 0.142371
0.115684 0.110877
0.0781701 0.0765093
0.0767317 0.075828
0.0528622 0.0525184
0.0486172 0.0470472
0.0416844 0.040994
0.0328343 0.0327141
0.0144996 0.0150575
0.117362 0.116776
0.221545 0.22143
0.236405 0.236464
0.229947 0.230041
0.163839 0.16379
0.0718105 0.0662062
0.139582 0.126091
0.103406 0.0931227
0.141299 0.127708
0.134371 0.122177
0.0168708 0.0168278
0.0345831 0.0356346
0.00650195 0.00712176
0.00749199 0.00773022
0.0187064 0.0186408
0.0975128 0.0970786
0.0132418 0.0148916
